166.0,	-1.0276103521580044
169.0,	-0.9566500465102651
157.0,	-1.2404912691012229
171.0,	-0.9093431760784388
161.0,	-1.1458775282375702
172.0,	-0.8856897408625257
172.0,	-0.8856897408625257
174.0,	-0.8383828704306995
167.0,	-1.0039569169420914
173.0,	-0.8620363056466126
173.0,	-0.8620363056466126
174.0,	-0.8383828704306995
176.0,	-0.7910759999988731
184.0,	-0.601848518271568
184.0,	-0.601848518271568
184.0,	-0.601848518271568
182.0,	-0.6491553887033943
180.0,	-0.6964622591352205
198.0,	-0.270700425248784
198.0,	-0.270700425248784
199.0,	-0.2470469900328709
205.0,	-0.10512637873739204
200.0,	-0.22339355481695775
193.0,	-0.38896760132834973
193.0,	-0.38896760132834973
196.0,	-0.3180072956806103
192.0,	-0.41262103654426285
198.0,	-0.270700425248784
198.0,	-0.270700425248784
199.0,	-0.2470469900328709
201.0,	-0.1997401196010446
196.0,	-0.3180072956806103
203.0,	-0.15243324916921833
200.0,	-0.22339355481695775
159.0,	-1.1931843986693966
146.0,	-1.5006790564762673
169.0,	-0.9566500465102651
191.0,	-0.43627447176017603
192.0,	-0.41262103654426285
205.0,	-0.10512637873739204
207.0,	-0.05781950830556576
206.0,	-0.0814729435214789
162.0,	-1.1222240930216572
166.0,	-1.0276103521580044
167.0,	-1.0039569169420914
171.0,	-0.9093431760784388
184.0,	-0.601848518271568
183.0,	-0.6255019534874812
192.0,	-0.41262103654426285
196.0,	-0.3180072956806103
216.0,	0.15506140863765253
218.0,	0.2023682790694788
262.0,	1.243119428569657
265.0,	1.3140797342173964
263.0,	1.2667728637855702
263.0,	1.2667728637855702
263.0,	1.2667728637855702
263.0,	1.2667728637855702
260.0,	1.1958125581378307
253.0,	1.0302385116264388
269.0,	1.408693475081049
275.0,	1.5506140863765279
291.0,	1.929069049831138
282.0,	1.7161881328879198
294.0,	2.0000293554788775
290.0,	1.905415614615225
280.0,	1.6688812624560936
286.0,	1.8108018737515725
280.0,	1.6688812624560936
274.0,	1.5269606511606146
275.0,	1.5506140863765279
274.0,	1.5269606511606146
